   2-7 
4876.06
4777.83
4678.26
4596.96
4518.59
4486.09
4401.15
4330.41
4298.33
4282.31
4241.68
4206.69
4182.87
4153.18
4142.5
4121.97
4092.69
4094.27
4062.24
4064.02
4053.4
4075.57
4085.54
4133.97
4151.26
4200.64
4256.1
4316.51
4463.66
4689.49
4883.68
5177.73
5882.08
6565.21
6809.53
7047.66
7118.13
7222.74
7271.48
7357.48
7400.32
7443.51
7489.08
7515.76
7477.87
7469.05
7323.69
7033.39
6190.79
5789.07
5752.51
5733.77
5866.18
5919.47
6350.78
6766.71
6837.39
6957.61
6919.71
6930.27
6953.18
6980.76
6977.56
6985.23
7039.2
7055.99
7115.17
7134.72
7125.96
7107.23
7002.11
6915.81
6415.09
6257.9
6282.08
6405.42
6559.87
6669.24
6658.74
6668.71
6591.21
6534.51
6426.28
6415.64
6401.65
6375.55
6292.59
6237.39
6168.46
6148.87
6001.76
5866.16
5739.39
5590.39
5345.1
5168.53
4949.21
4768.19
